{
  "data_version": 2,
  "lastLogin": 1631387771477,
  "lastIP": "/177.172.29.159",
  "usedKits": {
    "inicial": 1630355080972,
    "ajuda": 1630355216875,
    "diario": 1630972469318,
    "farm": 1630785755620,
    "caixas": 1631393895399,
    "raro": 1631388959961,
    "casa": 1630444797880,
    "ultra": 1630932928486
  },
  "firstJoin": 1630355080967,
  "firstJoinProcessed": true,
  "vanish": false,
  "jailOnNextLogin": false,
  "lastKnownName": "nogueeira",
  "fly": false,
  "homes": {
    "home": {
      "x": 231.37190423103152,
      "y": 36.0,
      "z": -20.723750024453793,
      "rotx": 31.19938850402832,
      "roty": 43.4869384765625,
      "rotz": 0.0,
      "world": "f899041e-7a46-4b73-8a59-6c16cf7089ab"
    },
    "a0": {
      "x": -566.3154497959358,
      "y": 74.0,
      "z": 5.9051626054987985,
      "rotx": 42.14986801147461,
      "roty": -192.9127197265625,
      "rotz": 0.0,
      "world": "bad07937-fc1b-4242-af00-53159f0aea67"
    },
    "a30": {
      "x": -5466.049262633049,
      "y": 20.0,
      "z": 8300.67946941511,
      "rotx": 4.500068187713623,
      "roty": -210.3460693359375,
      "rotz": 0.0,
      "world": "bad07937-fc1b-4242-af00-53159f0aea67"
    },
    "teuz": {
      "x": 1419.3015513432665,
      "y": 82.0,
      "z": -712.6774808396137,
      "rotx": 8.55002498626709,
      "roty": 1.9355686902999878,
      "rotz": 0.0,
      "world": "bad07937-fc1b-4242-af00-53159f0aea67"
    },
    "savanna": {
      "x": 973.9190670663841,
      "y": 64.0,
      "z": 1558.0822070855675,
      "rotx": 16.879901885986328,
      "roty": 50.00520706176758,
      "rotz": 0.0,
      "world": "bad07937-fc1b-4242-af00-53159f0aea67"
    }
  }
}