{
  "data_version": 2,
  "lastLogin": 1631977607417,
  "lastIP": "/179.0.68.75",
  "usedKits": {
    "inicial": 1630437866470,
    "ajuda": 1630438306715,
    "diario": 1630623543886,
    "farm": 1631489208308,
    "casa": 1631489184207,
    "caixas": 1631552245812,
    "ultra": 1631406060577,
    "raro": 1631417821117
  },
  "firstJoin": 1630437866461,
  "firstJoinProcessed": true,
  "vanish": false,
  "jailOnNextLogin": false,
  "lastKnownName": "HaiseBr7276",
  "fly": false,
  "homes": {
    "mesa": {
      "x": 2148.1157121294136,
      "y": 88,
      "z": -4126.772570305135,
      "rotx": 3.2011377811431885,
      "roty": 27.00323486328125,
      "rotz": 0,
      "world": "bad07937-fc1b-4242-af00-53159f0aea67"
    },
    "vila1": {
      "x": 68.38854956579985,
      "y": 63,
      "z": -9014.547515935277,
      "rotx": 21.779830932617188,
      "roty": 91.48443603515625,
      "rotz": 0,
      "world": "bad07937-fc1b-4242-af00-53159f0aea67"
    },
    "neru": {
      "x": 416.9216045061816,
      "y": 32,
      "z": 209.17253063675344,
      "rotx": 13.395156860351562,
      "roty": 79.8035888671875,
      "rotz": 0,
      "world": "f899041e-7a46-4b73-8a59-6c16cf7089ab"
    },
    "templo": {
      "x": 1581.6482295058588,
      "y": 68,
      "z": -797.2600070725327,
      "rotx": 5.52142858505249,
      "roty": 131.0528106689453,
      "rotz": 0,
      "world": "bad07937-fc1b-4242-af00-53159f0aea67"
    },
    "pokeloot1": {
      "x": -3459.2831441303233,
      "y": 64,
      "z": -139.9019712903606,
      "rotx": 27.309274673461914,
      "roty": 174.4996795654297,
      "rotz": 0,
      "world": "bad07937-fc1b-4242-af00-53159f0aea67"
    }
  }
}