{
  "data_version": 2,
  "lastLogin": 1631794761256,
  "lastIP": "/177.222.167.145",
  "vanish": false,
  "usedKits": {
    "inicial": 1630189627717,
    "farm": 1630785695526,
    "diario": 1630785735500,
    "casa": 1630785791264,
    "ajuda": 1630216811361,
    "raro": 1630697881226,
    "comida": 1630297270600,
    "caixas": 1630789149942,
    "ultra": 1630786702761
  },
  "firstJoin": 1630189627613,
  "firstJoinProcessed": true,
  "jailOnNextLogin": false,
  "lastKnownName": "teuzooo",
  "fly": false,
  "homes": {
    "zero": {
      "x": -565.0382731484824,
      "y": 74,
      "z": 0.9595679345545962,
      "rotx": 20.99993133544922,
      "roty": 350.5372314453125,
      "rotz": 0,
      "world": "bad07937-fc1b-4242-af00-53159f0aea67"
    },
    "home": {
      "x": 10001.92014440857,
      "y": 43,
      "z": 9997.768403612756,
      "rotx": 12.749970436096191,
      "roty": -115.27349090576172,
      "rotz": 0,
      "world": "3cbb4072-006a-48cb-910e-35288b70bb78"
    },
    "evee": {
      "x": -1055.7176224756115,
      "y": 75,
      "z": -635.6999999880791,
      "rotx": 25.499908447265625,
      "roty": 108.78496551513672,
      "rotz": 0,
      "world": "bad07937-fc1b-4242-af00-53159f0aea67"
    },
    "dragon": {
      "x": -695.4399334136535,
      "y": 63,
      "z": -105.25739338543221,
      "rotx": 19.649967193603516,
      "roty": 60.13238525390625,
      "rotz": 0,
      "world": "bad07937-fc1b-4242-af00-53159f0aea67"
    },
    "salamance": {
      "x": -9357.699999988079,
      "y": 80,
      "z": -4706.673272881711,
      "rotx": 33.7499885559082,
      "roty": 173.69436645507812,
      "rotz": 0,
      "world": "bad07937-fc1b-4242-af00-53159f0aea67"
    }
  }
}